time               	0	1	2	3	4	5	6	7	8	9	10	11	12	13	14	15	16	17	18	19	20	21	22	23	24	25	26	27	28	29	30	31	32	33	34	35	36	37	38	39	40	41	42	43	44	45	46	47	48	49	50	51	52	53	54	55	56	57	58	59	60	61	62	63	64	65	66	67	68	69	70	71	72	73	74	75	76	77	78	79	80	81	82	83	84	85	86	87	88	89	90	91	92	93	94	95	96	97	98	99	100	101	102	103	104	105	106	107	108	109	110	111	112	113	114	115	116	117	118	119	120	121	122	123	124	125	126	127	128	129	130	131	132	133	134	135	136	137	138	139	140	141	142	143	144	145	146	
location           	10	10	9	8	7	6	5	5	5	5	5	5	5	5	5	5	6	7	8	9	10	11	12	13	14	15	15	15	15	15	15	15	15	15	15	15	14	13	12	11	10	9	8	7	6	5	4	3	2	1	0	0	0	0	0	0	0	0	0	0	0	0	0	0	0	0	0	0	0	0	0	0	0	0	0	0	0	0	0	0	0	0	0	0	0	0	0	0	0	0	0	0	0	0	0	0	0	0	0	0	0	0	0	0	0	0	0	0	0	0	0	0	1	2	3	4	5	6	7	8	9	10	10	10	10	10	10	10	10	10	10	10	10	10	10	10	10	10	10	10	10	10	10	10	10	10	10	
irWaitSecs         	0	0	0	0	0	0	0	0	0	0	1	2	2	2	2	2	2	2	2	2	2	2	2	2	2	2	2	0	1	2	2	2	2	2	2	2	2	2	2	2	2	2	2	2	2	2	2	2	2	2	2	2	2	2	2	2	2	2	2	2	2	2	2	2	2	2	2	2	2	2	2	2	2	2	2	2	2	2	2	2	2	2	2	2	2	2	2	2	2	2	2	2	2	2	2	2	2	2	2	2	2	2	2	2	2	2	2	0	1	2	2	2	2	2	2	2	2	2	2	2	2	2	2	0	1	2	2	2	2	2	2	2	2	2	2	2	2	2	2	2	2	2	2	2	2	2	2	
idleTime           	0	0	0	0	0	0	0	0	1	0	1	2	3	4	5	0	0	0	0	0	0	0	0	0	0	0	0	1	2	3	4	5	0	1	2	0	0	0	0	0	0	0	1	2	3	4	5	6	7	8	9	10	11	0	1	2	0	1	2	0	0	0	0	0	0	0	0	0	0	0	0	0	0	0	0	0	0	0	0	0	0	0	0	0	0	0	0	0	0	0	0	0	0	0	0	0	0	0	0	0	0	0	0	0	0	0	0	0	0	0	0	0	0	0	0	0	0	0	0	0	0	0	0	1	2	3	4	5	6	7	8	9	10	11	12	13	14	15	16	17	18	19	20	21	22	23	24	
nextDirection      	0	-1	-1	-1	-1	-1	0	0	0	0	0	0	0	0	0	1	1	1	1	1	1	1	1	1	1	0	0	0	0	0	0	0	0	0	0	-1	-1	-1	-1	-1	-1	-1	-1	-1	-1	-1	-1	-1	-1	-1	0	0	0	0	0	0	0	0	0	0	0	0	0	0	0	0	0	0	0	0	0	0	0	0	0	0	0	0	0	0	0	0	0	0	0	0	0	0	0	0	0	0	0	0	0	0	0	0	0	0	0	0	0	0	0	0	0	0	0	0	0	1	1	1	1	1	1	1	1	1	1	0	0	0	0	0	0	0	0	0	0	0	0	0	0	0	0	0	0	0	0	0	0	0	0	0	0	
latched            	1	1	0	0	0	0	0	1	1	1	1	1	1	1	1	1	0	0	0	0	0	0	0	0	0	0	1	1	1	1	1	1	1	1	1	1	0	0	0	0	0	0	0	0	0	0	0	0	0	0	0	1	1	1	1	1	1	1	1	1	1	1	1	1	1	1	1	1	1	1	1	1	1	1	1	1	1	1	1	1	1	1	1	1	1	1	1	1	1	1	1	1	1	1	1	1	1	1	1	1	1	1	1	1	1	1	1	1	1	1	1	1	0	0	0	0	0	0	0	0	0	0	1	1	1	1	1	1	1	1	1	1	1	1	1	1	1	1	1	1	1	1	1	1	1	1	1	
doorsOpen          	0	0	0	0	0	0	0	0	1	1	1	1	0	0	0	0	0	0	0	0	0	0	0	0	0	0	0	1	1	1	0	0	0	0	0	0	0	0	0	0	0	0	0	0	0	0	0	0	0	0	0	0	1	1	1	1	1	1	1	0	0	0	0	0	0	0	0	0	0	0	0	0	0	0	0	0	1	1	1	1	1	1	1	0	0	0	0	0	0	0	0	0	0	0	0	0	0	0	0	0	0	0	0	1	1	1	0	1	1	1	0	0	0	0	0	0	0	0	0	0	0	0	0	1	1	1	0	0	0	0	0	0	0	0	0	0	0	0	0	0	0	0	0	0	0	0	0	
doorsOpenedOnFloor 	1	1	1	1	1	1	1	0	1	1	1	1	1	1	1	1	1	1	1	1	1	1	1	1	1	1	0	1	1	1	1	1	1	1	1	1	1	1	1	1	1	1	1	1	1	1	1	1	1	1	1	0	0	0	0	0	0	0	0	0	0	0	0	0	0	0	0	0	0	0	0	0	0	0	0	0	0	0	0	0	0	0	0	0	0	0	0	0	0	0	0	0	0	0	0	0	0	0	0	0	0	0	0	0	0	0	0	1	1	1	1	1	1	1	1	1	1	1	1	1	1	1	0	1	1	1	1	1	1	1	1	1	1	1	1	1	1	1	1	1	1	1	1	1	1	1	1	
sound              	0	0	0	0	0	0	0	1	0	0	0	0	0	0	0	0	0	0	0	0	0	0	0	0	0	0	1	0	0	0	0	0	0	0	0	0	0	0	0	0	0	0	0	0	0	0	0	0	0	0	0	1	0	0	0	0	0	0	0	0	0	0	0	0	0	0	0	0	0	0	0	0	0	0	0	0	0	0	0	0	0	0	0	0	0	0	0	0	0	0	0	0	0	0	0	0	0	0	0	0	0	0	0	0	0	0	0	0	0	0	0	0	0	0	0	0	0	0	0	0	0	0	1	0	0	0	0	0	0	0	0	0	0	0	0	0	0	0	0	0	0	0	0	0	0	0	0	
irSensor           	1	1	1	1	1	1	1	1	1	0	1	1	1	1	1	1	1	1	1	1	1	1	1	1	1	1	1	1	1	1	1	1	1	1	1	1	1	1	1	1	1	1	1	1	1	1	1	1	1	1	1	1	1	1	1	1	0	1	1	1	1	1	1	1	1	1	1	1	1	1	1	1	1	1	1	1	1	1	1	1	1	1	1	1	1	1	1	1	1	1	1	1	1	1	1	1	1	1	1	1	1	1	1	1	1	1	1	1	1	1	1	1	1	1	1	1	1	1	1	1	1	1	1	1	1	1	1	1	1	1	1	1	1	1	1	1	1	1	1	1	1	1	1	1	1	1	1	
doorOpenButton     	0	0	0	0	0	0	0	0	0	0	0	0	0	0	0	0	0	0	0	0	0	0	0	0	0	0	0	0	0	0	0	0	0	0	0	0	0	0	0	0	0	0	0	0	0	0	0	0	0	0	0	0	0	0	0	0	0	0	0	0	0	0	0	0	0	0	0	0	0	0	0	0	0	0	0	0	0	0	0	0	0	0	0	0	0	0	0	0	0	0	0	0	0	0	0	0	0	0	0	0	0	0	0	0	0	0	0	0	0	0	0	0	0	0	0	0	0	0	0	0	0	0	0	0	0	0	0	0	0	0	0	0	0	0	0	0	0	0	0	0	0	0	0	0	0	0	0	
doorCloseButton    	0	0	0	0	0	0	0	0	0	0	0	0	0	0	0	0	0	0	0	0	0	0	0	0	0	0	0	0	0	0	0	0	0	0	0	0	0	0	0	0	0	0	0	0	0	0	0	0	0	0	0	0	0	0	0	0	0	0	0	0	0	0	0	0	0	0	0	0	0	0	0	0	0	0	0	0	0	0	0	0	0	0	0	0	0	0	0	0	0	0	0	0	0	0	0	0	0	0	0	0	0	0	0	0	0	0	0	0	0	0	0	0	0	0	0	0	0	0	0	0	0	0	0	0	0	0	0	0	0	0	0	0	0	0	0	0	0	0	0	0	0	0	0	0	0	0	0	
x19                	0	68	4	4	4	2	2	34	34	34	34	34	34	34	34	34	32	32	32	64	64	64	64	64	128	128	136	136	136	136	136	136	136	136	136	136	8	8	8	4	4	4	4	4	2	2	2	2	2	1	1	17	17	17	17	17	17	17	17	17	17	17	17	17	17	17	17	17	17	17	17	17	17	17	17	17	17	17	17	17	17	17	17	17	17	17	17	17	17	17	17	17	17	17	17	17	17	17	17	17	17	17	17	17	17	17	17	17	17	17	17	17	16	16	16	32	32	32	32	32	64	64	68	68	68	68	68	68	68	68	68	68	68	68	68	68	68	68	68	68	68	68	68	68	68	68	68	
x20                	0	1	1	1	1	1	1	1	1	1	1	1	1	1	1	2	2	2	2	2	2	2	2	2	2	2	2	2	2	2	2	2	2	2	2	3	3	3	3	3	3	0	0	0	0	0	0	0	0	0	0	0	0	0	0	0	0	0	0	1	1	1	1	1	1	1	1	1	1	1	1	1	1	1	1	1	1	1	1	1	1	1	1	1	1	1	2	2	2	2	2	2	2	2	2	2	2	2	2	2	2	2	2	2	2	2	1	1	1	1	1	1	1	1	1	1	1	1	1	1	1	1	1	1	1	1	1	1	1	1	1	1	1	1	1	1	1	1	1	1	1	1	1	1	1	1	1	
x1000              	[-1, -1, -1, -1, -1, -1, -1, -1]	[129, -1, -1, -1, -1, -1, -1, -1]	[129, -1, -1, -1, -1, -1, -1, -1]	[129, -1, -1, -1, -1, -1, -1, -1]	[129, -1, -1, -1, -1, -1, -1, -1]	[129, -1, -1, -1, -1, -1, -1, -1]	[129, -1, -1, -1, -1, -1, -1, -1]	[-1, -1, -1, -1, -1, -1, -1, -1]	[-1, -1, -1, -1, -1, -1, -1, -1]	[-1, -1, -1, -1, -1, -1, -1, -1]	[-1, -1, -1, -1, -1, -1, -1, -1]	[-1, -1, -1, -1, -1, -1, -1, -1]	[-1, -1, -1, -1, -1, -1, -1, -1]	[-1, -1, -1, -1, -1, -1, -1, -1]	[-1, -1, -1, -1, -1, -1, -1, -1]	[-1, 195, -1, -1, -1, -1, -1, -1]	[-1, 195, -1, -1, -1, -1, -1, -1]	[-1, 195, -1, -1, -1, -1, -1, -1]	[-1, 195, -1, -1, -1, -1, -1, -1]	[-1, 195, -1, -1, -1, -1, -1, -1]	[-1, 195, -1, -1, -1, -1, -1, -1]	[-1, 195, -1, -1, -1, -1, -1, -1]	[-1, 195, -1, -1, -1, -1, -1, -1]	[-1, 195, -1, -1, -1, -1, -1, -1]	[-1, 195, -1, -1, -1, -1, -1, -1]	[-1, 195, -1, -1, -1, -1, -1, -1]	[-1, -1, -1, -1, -1, -1, -1, -1]	[-1, -1, -1, -1, -1, -1, -1, -1]	[-1, -1, -1, -1, -1, -1, -1, -1]	[-1, -1, -1, -1, -1, -1, -1, -1]	[-1, -1, -1, -1, -1, -1, -1, -1]	[-1, -1, -1, -1, -1, -1, -1, -1]	[-1, -1, -1, -1, -1, -1, -1, -1]	[-1, -1, -1, -1, -1, -1, -1, -1]	[-1, -1, -1, -1, -1, -1, -1, -1]	[-1, -1, 193, -1, -1, -1, -1, -1]	[-1, -1, 193, -1, -1, -1, -1, -1]	[-1, -1, 193, -1, -1, -1, -1, -1]	[-1, -1, 193, -1, -1, -1, -1, -1]	[-1, -1, 193, -1, -1, -1, -1, -1]	[-1, -1, 193, -1, -1, -1, -1, -1]	[-1, -1, -1, -1, -1, -1, -1, -1]	[-1, -1, -1, -1, -1, -1, -1, -1]	[-1, -1, -1, -1, -1, -1, -1, -1]	[-1, -1, -1, -1, -1, -1, -1, -1]	[-1, -1, -1, -1, -1, -1, -1, -1]	[-1, -1, -1, -1, -1, -1, -1, -1]	[-1, -1, -1, -1, -1, -1, -1, -1]	[-1, -1, -1, -1, -1, -1, -1, -1]	[-1, -1, -1, -1, -1, -1, -1, -1]	[-1, -1, -1, -1, -1, -1, -1, -1]	[-1, -1, -1, -1, -1, -1, -1, -1]	[-1, -1, -1, -1, -1, -1, -1, -1]	[-1, -1, -1, -1, -1, -1, -1, -1]	[-1, -1, -1, -1, -1, -1, -1, -1]	[-1, -1, -1, -1, -1, -1, -1, -1]	[-1, -1, -1, -1, -1, -1, -1, -1]	[-1, -1, -1, -1, -1, -1, -1, -1]	[-1, -1, -1, -1, -1, -1, -1, -1]	[195, -1, -1, -1, -1, -1, -1, -1]	[195, -1, -1, -1, -1, -1, -1, -1]	[195, -1, -1, -1, -1, -1, -1, -1]	[195, -1, -1, -1, -1, -1, -1, -1]	[195, -1, -1, -1, -1, -1, -1, -1]	[195, -1, -1, -1, -1, -1, -1, -1]	[195, -1, -1, -1, -1, -1, -1, -1]	[195, -1, -1, -1, -1, -1, -1, -1]	[195, -1, -1, -1, -1, -1, -1, -1]	[195, -1, -1, -1, -1, -1, -1, -1]	[195, -1, -1, -1, -1, -1, -1, -1]	[195, -1, -1, -1, -1, -1, -1, -1]	[195, -1, -1, -1, -1, -1, -1, -1]	[195, -1, -1, -1, -1, -1, -1, -1]	[195, -1, -1, -1, -1, -1, -1, -1]	[195, -1, -1, -1, -1, -1, -1, -1]	[195, -1, -1, -1, -1, -1, -1, -1]	[195, -1, -1, -1, -1, -1, -1, -1]	[195, -1, -1, -1, -1, -1, -1, -1]	[195, -1, -1, -1, -1, -1, -1, -1]	[195, -1, -1, -1, -1, -1, -1, -1]	[195, -1, -1, -1, -1, -1, -1, -1]	[195, -1, -1, -1, -1, -1, -1, -1]	[195, -1, -1, -1, -1, -1, -1, -1]	[195, -1, -1, -1, -1, -1, -1, -1]	[195, -1, -1, -1, -1, -1, -1, -1]	[195, -1, -1, -1, -1, -1, -1, -1]	[195, 192, -1, -1, -1, -1, -1, -1]	[195, 192, -1, -1, -1, -1, -1, -1]	[195, 192, -1, -1, -1, -1, -1, -1]	[195, 192, -1, -1, -1, -1, -1, -1]	[195, 192, -1, -1, -1, -1, -1, -1]	[195, 192, -1, -1, -1, -1, -1, -1]	[195, 192, -1, -1, -1, -1, -1, -1]	[195, 192, -1, -1, -1, -1, -1, -1]	[195, 192, -1, -1, -1, -1, -1, -1]	[195, 192, -1, -1, -1, -1, -1, -1]	[195, 192, -1, -1, -1, -1, -1, -1]	[195, 192, -1, -1, -1, -1, -1, -1]	[195, 192, -1, -1, -1, -1, -1, -1]	[195, 192, -1, -1, -1, -1, -1, -1]	[195, 192, -1, -1, -1, -1, -1, -1]	[195, 192, -1, -1, -1, -1, -1, -1]	[195, 192, -1, -1, -1, -1, -1, -1]	[195, 192, -1, -1, -1, -1, -1, -1]	[195, 192, -1, -1, -1, -1, -1, -1]	[195, 192, -1, -1, -1, -1, -1, -1]	[194, -1, -1, -1, -1, -1, -1, -1]	[194, -1, -1, -1, -1, -1, -1, -1]	[194, -1, -1, -1, -1, -1, -1, -1]	[194, -1, -1, -1, -1, -1, -1, -1]	[194, -1, -1, -1, -1, -1, -1, -1]	[194, -1, -1, -1, -1, -1, -1, -1]	[194, -1, -1, -1, -1, -1, -1, -1]	[194, -1, -1, -1, -1, -1, -1, -1]	[194, -1, -1, -1, -1, -1, -1, -1]	[194, -1, -1, -1, -1, -1, -1, -1]	[194, -1, -1, -1, -1, -1, -1, -1]	[194, -1, -1, -1, -1, -1, -1, -1]	[194, -1, -1, -1, -1, -1, -1, -1]	[194, -1, -1, -1, -1, -1, -1, -1]	[194, -1, -1, -1, -1, -1, -1, -1]	[194, -1, -1, -1, -1, -1, -1, -1]	[-1, -1, -1, -1, -1, -1, -1, -1]	[-1, -1, -1, -1, -1, -1, -1, -1]	[-1, -1, -1, -1, -1, -1, -1, -1]	[-1, -1, -1, -1, -1, -1, -1, -1]	[-1, -1, -1, -1, -1, -1, -1, -1]	[-1, -1, -1, -1, -1, -1, -1, -1]	[-1, -1, -1, -1, -1, -1, -1, -1]	[-1, -1, -1, -1, -1, -1, -1, -1]	[-1, -1, -1, -1, -1, -1, -1, -1]	[-1, -1, -1, -1, -1, -1, -1, -1]	[-1, -1, -1, -1, -1, -1, -1, -1]	[-1, -1, -1, -1, -1, -1, -1, -1]	[-1, -1, -1, -1, -1, -1, -1, -1]	[-1, -1, -1, -1, -1, -1, -1, -1]	[-1, -1, -1, -1, -1, -1, -1, -1]	[-1, -1, -1, -1, -1, -1, -1, -1]	[-1, -1, -1, -1, -1, -1, -1, -1]	[-1, -1, -1, -1, -1, -1, -1, -1]	[-1, -1, -1, -1, -1, -1, -1, -1]	[-1, -1, -1, -1, -1, -1, -1, -1]	[-1, -1, -1, -1, -1, -1, -1, -1]	[-1, -1, -1, -1, -1, -1, -1, -1]	[-1, -1, -1, -1, -1, -1, -1, -1]	[-1, -1, -1, -1, -1, -1, -1, -1]	[-1, -1, -1, -1, -1, -1, -1, -1]	
waitTimer          	0	7	6	5	4	3	2	1	0	5	4	3	2	1	0	16	15	14	13	12	11	10	9	8	7	6	5	4	3	2	1	0	2	1	0	5	4	3	2	1	0	11	10	9	8	7	6	5	4	3	2	1	0	2	1	0	2	1	0	16	15	14	13	12	11	10	9	8	7	6	5	4	3	2	1	0	6	5	4	3	2	1	0	2	1	0	16	15	14	13	12	11	10	9	8	7	6	5	4	3	2	1	0	2	1	0	40	39	38	37	36	35	34	33	32	31	30	29	28	27	26	25	24	23	22	21	20	19	18	17	16	15	14	13	12	11	10	9	8	7	6	5	4	3	2	1	0	
                   	
