time               	0	1	2	3	4	5	6	7	8	9	10	11	12	13	14	15	16	17	18	19	20	21	22	23	24	25	26	27	28	29	30	31	32	33	34	35	36	37	38	39	40	41	42	43	44	45	46	47	48	49	50	51	52	53	54	55	56	57	58	
location           	5	5	6	7	8	9	10	11	12	13	14	15	15	15	15	15	15	15	14	13	12	11	10	9	8	7	6	5	4	3	2	1	0	0	0	0	0	0	0	0	0	0	0	0	0	0	0	0	0	1	2	3	4	5	6	7	8	9	10	
irWaitSecs         	0	0	0	0	0	0	0	0	0	0	0	0	0	0	1	2	2	2	2	2	2	2	2	2	2	2	2	2	2	2	2	2	2	2	0	1	2	2	2	2	2	2	2	2	2	2	2	2	2	2	2	2	2	2	2	2	2	2	2	
idleTime           	0	0	1	2	3	4	5	6	7	0	1	2	3	0	1	2	0	1	0	1	2	3	4	5	6	7	8	9	10	11	12	13	14	15	16	17	18	19	20	21	22	23	24	25	26	27	28	29	30	31	32	33	34	35	36	37	38	39	40	
direction          	0	1	1	1	1	1	1	1	1	1	1	0	0	0	0	0	0	-1	-1	-1	-1	-1	-1	-1	-1	-1	-1	-1	-1	-1	-1	-1	0	0	0	0	0	0	0	0	0	0	0	0	0	0	0	0	1	1	1	1	1	1	1	1	1	1	0	
latched            	1	1	0	0	0	0	0	0	0	0	0	0	1	1	1	1	1	1	0	0	0	0	0	0	0	0	0	0	0	0	0	0	0	1	1	1	1	1	1	1	1	1	1	1	1	1	1	1	1	0	0	0	0	0	0	0	0	0	0	
doorsOpen          	0	0	0	0	0	0	0	0	0	0	0	0	0	1	1	1	0	0	0	0	0	0	0	0	0	0	0	0	0	0	0	0	0	0	1	1	1	0	0	0	0	0	0	0	0	0	0	0	0	0	0	0	0	0	0	0	0	0	0	
doorsOpenedOnFloor 	1	1	1	1	1	1	1	1	1	1	1	1	0	1	1	1	1	1	1	1	1	1	1	1	1	1	1	1	1	1	1	1	1	0	1	1	1	1	1	1	1	1	1	1	1	1	1	1	1	1	1	1	1	1	1	1	1	1	1	
sound              	0	0	0	0	0	0	0	0	0	0	0	0	1	0	0	0	0	0	0	0	0	0	0	0	0	0	0	0	0	0	0	0	0	1	0	0	0	0	0	0	0	0	0	0	0	0	0	0	0	0	0	0	0	0	0	0	0	0	0	
irSensor           	1	1	1	1	1	1	1	1	1	0	1	1	1	1	1	1	1	1	1	1	1	1	1	1	1	1	1	1	1	1	1	1	1	1	1	1	1	1	1	1	1	1	1	1	1	1	1	1	1	1	1	1	1	1	1	1	1	1	1	
doorOpenButton     	0	0	0	0	0	0	0	0	0	0	0	0	0	0	0	0	0	0	0	0	0	0	0	0	0	0	0	0	0	0	0	0	0	0	0	0	0	0	0	0	0	0	0	0	0	0	0	0	0	0	0	0	0	0	0	0	0	0	0	
doorCloseButton    	0	0	0	0	0	0	0	0	0	0	0	0	0	0	0	0	0	0	0	0	0	0	0	0	0	0	0	0	0	0	0	0	0	0	0	0	0	0	0	0	0	0	0	0	0	0	0	0	0	0	0	0	0	0	0	0	0	0	0	
x19                	0	0	32	32	32	64	64	64	64	64	128	128	128	128	128	128	128	128	8	8	8	4	4	4	4	4	2	2	2	2	2	1	1	1	1	1	1	1	1	1	1	1	1	1	1	1	1	1	1	16	16	16	32	32	32	32	32	64	64	
x20                	0	1	1	1	1	1	1	1	1	1	1	1	1	2	2	2	3	3	5	5	5	5	5	5	5	5	5	5	5	5	5	5	5	5	5	5	5	5	5	5	5	5	5	5	5	5	5	5	7	7	7	7	7	7	7	7	7	7	7	
x1000              	[-1, -1, -1, -1, -1, -1, -1, -1]	[3, -1, -1, -1, -1, -1, -1, -1]	[3, -1, -1, -1, -1, -1, -1, -1]	[3, -1, -1, -1, -1, -1, -1, -1]	[3, -1, -1, -1, -1, -1, -1, -1]	[3, -1, -1, -1, -1, -1, -1, -1]	[3, -1, -1, -1, -1, -1, -1, -1]	[3, -1, -1, -1, -1, -1, -1, -1]	[3, -1, -1, -1, -1, -1, -1, -1]	[3, -1, -1, -1, -1, -1, -1, -1]	[3, -1, -1, -1, -1, -1, -1, -1]	[3, -1, -1, -1, -1, -1, -1, -1]	[-1, -1, -1, -1, -1, -1, -1, -1]	[-1, 128, -1, -1, -1, -1, -1, -1]	[-1, 128, -1, -1, -1, -1, -1, -1]	[-1, 128, -1, -1, -1, -1, -1, -1]	[-1, 128, 0, -1, -1, -1, -1, -1]	[-1, 128, 0, -1, -1, -1, -1, -1]	[-1, 128, 0, 0, 128, -1, -1, -1]	[-1, 128, 0, 0, 128, -1, -1, -1]	[-1, 128, 0, 0, 128, -1, -1, -1]	[-1, 128, 0, 0, 128, -1, -1, -1]	[-1, 128, 0, 0, 128, -1, -1, -1]	[-1, 128, 0, 0, 128, -1, -1, -1]	[-1, 128, 0, 0, 128, -1, -1, -1]	[-1, 128, 0, 0, 128, -1, -1, -1]	[-1, 128, 0, 0, 128, -1, -1, -1]	[-1, 128, 0, 0, 128, -1, -1, -1]	[-1, 128, 0, 0, 128, -1, -1, -1]	[-1, 128, 0, 0, 128, -1, -1, -1]	[-1, 128, 0, 0, 128, -1, -1, -1]	[-1, 128, 0, 0, 128, -1, -1, -1]	[-1, 128, 0, 0, 128, -1, -1, -1]	[-1, -1, 0, 0, 128, -1, -1, -1]	[-1, -1, 0, 0, 128, -1, -1, -1]	[-1, -1, 0, 0, 128, -1, -1, -1]	[-1, -1, 0, 0, 128, -1, -1, -1]	[-1, -1, 0, 0, 128, -1, -1, -1]	[-1, -1, -1, 0, 128, -1, -1, -1]	[-1, -1, -1, -1, 128, -1, -1, -1]	[-1, -1, -1, -1, -1, -1, -1, -1]	[-1, -1, -1, -1, -1, -1, -1, -1]	[-1, -1, -1, -1, -1, -1, -1, -1]	[-1, -1, -1, -1, -1, -1, -1, -1]	[-1, -1, -1, -1, -1, -1, -1, -1]	[-1, -1, -1, -1, -1, -1, -1, -1]	[-1, -1, -1, -1, -1, -1, -1, -1]	[-1, -1, -1, -1, -1, -1, -1, -1]	[-1, -1, -1, -1, -1, 2, 130, -1]	[-1, -1, -1, -1, -1, 2, 130, -1]	[-1, -1, -1, -1, -1, 2, 130, -1]	[-1, -1, -1, -1, -1, 2, 130, -1]	[-1, -1, -1, -1, -1, 2, 130, -1]	[-1, -1, -1, -1, -1, 2, 130, -1]	[-1, -1, -1, -1, -1, 2, 130, -1]	[-1, -1, -1, -1, -1, 2, 130, -1]	[-1, -1, -1, -1, -1, 2, 130, -1]	[-1, -1, -1, -1, -1, 2, 130, -1]	[-1, -1, -1, -1, -1, 2, 130, -1]	
                   	
